##FastQC	0.11.9
>>Basic Statistics	pass
#Measure	Value
Filename	SRR12740661_2P.fastq
File type	Conventional base calls
Encoding	Sanger / Illumina 1.9
Total Sequences	738970
Sequences flagged as poor quality	0
Sequence length	50-301
%GC	28
>>END_MODULE
>>Per base sequence quality	pass
#Base	Mean	Median	Lower Quartile	Upper Quartile	10th Percentile	90th Percentile
1	33.78705901457434	34.0	34.0	34.0	34.0	34.0
2	33.83149789571972	34.0	34.0	34.0	34.0	34.0
3	33.863120289050975	34.0	34.0	34.0	34.0	34.0
4	33.87328984938495	34.0	34.0	34.0	34.0	34.0
5	33.872237032626494	34.0	34.0	34.0	34.0	34.0
6	37.72601458787231	38.0	38.0	38.0	38.0	38.0
7	37.74766228669635	38.0	38.0	38.0	38.0	38.0
8	37.70817083237479	38.0	38.0	38.0	38.0	38.0
9	37.76081031706294	38.0	38.0	38.0	38.0	38.0
10-14	37.75525637035333	38.0	38.0	38.0	38.0	38.0
15-19	37.733824106526654	38.0	38.0	38.0	38.0	38.0
20-24	37.719500115024964	38.0	38.0	38.0	38.0	38.0
25-29	37.70954138868966	38.0	38.0	38.0	38.0	38.0
30-34	37.70161359730435	38.0	38.0	38.0	37.8	38.0
35-39	37.669854797894374	38.0	38.0	38.0	37.2	38.0
40-44	37.628629579008624	38.0	38.0	38.0	37.0	38.0
45-49	37.567232499289545	38.0	38.0	38.0	37.0	38.0
50-54	37.534038550819226	38.0	38.0	38.0	37.0	38.0
55-59	37.488487816104666	38.0	38.0	38.0	37.0	38.0
60-64	37.44659723426079	38.0	38.0	38.0	37.0	38.0
65-69	37.417156449110415	38.0	38.0	38.0	37.0	38.0
70-74	37.384175888354775	38.0	38.0	38.0	37.0	38.0
75-79	37.33959713610486	38.0	38.0	38.0	37.0	38.0
80-84	37.31203280022881	38.0	38.0	38.0	37.0	38.0
85-89	37.291308799777816	38.0	38.0	38.0	37.0	38.0
90-94	37.2479926981225	38.0	38.0	38.0	36.6	38.0
95-99	37.191615040089815	38.0	38.0	38.0	36.0	38.0
100-104	37.15339183405955	38.0	38.0	38.0	36.0	38.0
105-109	37.10854226988068	38.0	37.8	38.0	36.0	38.0
110-114	37.04899798578588	38.0	37.0	38.0	36.0	38.0
115-119	36.96531879867287	38.0	37.0	38.0	35.4	38.0
120-124	36.90399792816787	38.0	37.0	38.0	35.0	38.0
125-129	36.84310159487793	38.0	37.0	38.0	35.0	38.0
130-134	36.78649847357809	38.0	37.0	38.0	35.0	38.0
135-139	36.63053027188196	38.0	37.0	38.0	34.0	38.0
140-144	36.50408297302449	38.0	37.0	38.0	34.0	38.0
145-149	36.382942851993555	38.0	37.0	38.0	34.0	38.0
150-154	36.299870853628185	38.0	37.0	38.0	34.0	38.0
155-159	36.188479556046374	38.0	36.8	38.0	33.4	38.0
160-164	36.02338418275711	38.0	36.0	38.0	32.0	38.0
165-169	35.81616959882711	38.0	35.6	38.0	31.2	38.0
170-174	35.61626481218248	37.8	35.0	38.0	30.0	38.0
175-179	35.40720439426711	37.0	35.0	38.0	30.0	38.0
180-184	35.09802714531453	37.0	35.0	37.6	29.8	38.0
185-189	34.83083242647139	37.0	35.0	37.0	29.0	38.0
190-194	34.4840810398634	37.0	34.6	37.0	28.0	37.6
195-199	34.216491197616776	36.8	34.0	37.0	26.8	37.0
200-204	33.950877974474494	36.6	33.2	37.0	26.0	37.0
205-209	33.606821433696254	36.0	33.0	37.0	25.6	37.0
210-214	33.28990410010173	35.8	33.0	37.0	24.4	37.0
215-219	33.08146721549593	35.2	32.4	36.8	24.2	37.0
220-224	32.83518442310951	35.0	31.6	36.6	24.0	37.0
225-229	32.58466385460555	35.0	31.0	36.0	23.8	37.0
230-234	32.35916168122109	35.0	30.4	36.0	23.2	37.0
235-239	32.17272274172374	35.0	29.2	36.0	23.0	37.0
240-244	31.89088713280612	34.8	28.8	36.0	22.2	37.0
245-249	31.693583785599895	34.0	28.0	36.0	22.0	37.0
250-254	31.404016586691483	34.0	28.0	36.0	22.0	37.0
255-259	31.374050499465227	34.0	28.0	36.0	22.0	37.0
260-264	31.1307787238649	34.0	27.8	36.0	22.0	37.0
265-269	30.979912182152624	33.4	27.8	36.0	22.0	37.0
270-274	30.857194894279882	32.8	27.4	36.0	22.0	36.8
275-279	30.512518915958317	32.2	27.0	36.0	21.4	37.0
280-284	30.385296616094898	32.2	26.8	36.0	20.6	36.4
285-289	30.603183618274898	NaN	NaN	NaN	NaN	NaN
290-294	31.13498316498316	NaN	NaN	NaN	NaN	NaN
295-299	31.660450660450657	NaN	NaN	NaN	NaN	NaN
300-301	33.5	NaN	NaN	NaN	NaN	NaN
>>END_MODULE
>>Per sequence quality scores	pass
#Quality	Count
29	1.0
30	48.0
31	397.0
32	2386.0
33	9091.0
34	27469.0
35	79349.0
36	246422.0
37	373807.0
>>END_MODULE
>>Per base sequence content	fail
#Base	G	A	T	C
1	13.184683550813487	37.55951269288338	34.64010891600962	14.61569484029351
2	14.06214054697755	39.099828139166675	34.7985709839371	12.03946032991867
3	14.155784402614449	37.476893513945086	35.07057120045469	13.296750882985778
4	16.47333450613692	35.80402452061654	33.91247276614748	13.810168207099071
5	16.041652570469708	37.04142252053534	33.61394914543215	13.302975763562797
6	15.746347932581381	37.823171598113575	32.14022314994621	14.290257319358831
7	15.744211537680828	36.7933745618902	33.973368337009624	13.489045563419355
8	14.872051639444091	37.51045373966467	33.870522483997995	13.746972136893243
9	14.252134728067444	36.905016441804136	34.50248318605627	14.340365644072154
10-14	14.101221971121966	37.4926181035766	34.65515514838221	13.751004776919226
15-19	13.797447798963422	36.93264949862647	35.387552945315775	13.882349757094333
20-24	14.017104889237721	36.693668213865244	35.126974031422115	14.162252865474917
25-29	14.111154715347038	36.81464741464471	34.86880387566478	14.20539399434348
30-34	14.211267033844404	36.756783089976594	34.74639024588278	14.285559630296223
35-39	14.205799964815894	36.79480899089273	34.70914922121331	14.290241823078068
40-44	14.273245192632988	36.788990080788125	34.647306385915535	14.290458340663356
45-49	14.290323017172552	36.64419394562702	34.7542119436513	14.31127109354913
50-54	14.250931310766893	36.769669307785506	34.661344865047674	14.31805451639993
55-59	14.269198245695128	36.77008872127707	34.60396268431485	14.356750348712957
60-64	14.200716644333516	36.751510797297534	34.64186754445179	14.405905013917158
65-69	14.226899937081141	36.75420932652146	34.661108605627604	14.357782130769788
70-74	14.212867383927257	36.791066033925794	34.61829207349359	14.377774508653355
75-79	14.198096696080626	36.73801933212664	34.65551218172111	14.408371790071625
80-84	14.170048606887653	36.770342972896096	34.63049209493819	14.429116325278061
85-89	14.20461828122708	36.815214059194396	34.61994441638183	14.360223243196701
90-94	14.183923767323039	36.70393145389189	34.66136707887776	14.450777699907308
95-99	14.146966659918625	36.72977511911245	34.72084489291997	14.402413328048953
100-104	14.144880001614005	36.76867562247271	34.67450419785395	14.411940178059332
105-109	14.123145892031053	36.74432923805078	34.67639751443942	14.456127355478742
110-114	14.20739656860954	36.68576955283325	34.66682231761288	14.440011560944328
115-119	14.132463309530719	36.77525167591694	34.567509613528266	14.524775401024067
120-124	14.1876011386773	36.7391175562713	34.557546543278775	14.51573476177262
125-129	14.176242250272612	36.69335950139034	34.51257003609376	14.617828212243289
130-134	14.266464538752233	36.69487431911362	34.42524749248288	14.613413649651264
135-139	14.272734391714922	36.63788582847282	34.3675230766434	14.72185670316885
140-144	14.322669986225794	36.563961667931146	34.298288904766466	14.815079441076598
145-149	14.34449644702477	36.53342245832893	34.22973111576409	14.89234997888221
150-154	14.42403998358932	36.32747941605888	34.218092607387796	15.030387992964004
155-159	14.48551737133268	36.322564244777226	34.1202163061564	15.071702077733692
160-164	14.553302058952541	36.22121482170302	34.07352875755371	15.151954361790724
165-169	14.569049620307348	36.074334356029006	33.99742750306757	15.359188520596078
170-174	14.623269027006591	36.06590762675062	33.96020002673295	15.350623319509834
175-179	14.610283154265073	36.11052446991418	33.86796958090987	15.411222794910874
180-184	14.67894640886086	35.93937483835316	33.8471877336371	15.53449101914888
185-189	14.704580826453897	35.911887077412224	33.92984683440017	15.453685261733705
190-194	14.628853954870507	35.80507650224272	34.05116678475221	15.514902758134555
195-199	14.610759285223626	35.830722084733054	34.0077098487201	15.550808781323223
200-204	14.562166321847982	35.79500682876218	34.10238349000763	15.540443359382202
205-209	14.432062733999587	35.75277851478435	34.228059314289084	15.587099436926977
210-214	14.376045718259057	35.65202117873724	34.55053127919862	15.421401823805075
215-219	14.273707738576583	35.644972242161025	34.68139815916918	15.39992186009322
220-224	14.162071592663839	35.71868514231837	34.64097122690665	15.47827203811114
225-229	14.135521283542179	35.41712011442431	34.95849009670097	15.488868505332546
230-234	13.8675831547215	35.424472582860744	35.25076032518935	15.457183937228407
235-239	13.903475489452116	35.17529215358932	35.53877674912733	15.382455607831233
240-244	13.639410936557242	35.118103197836824	35.55386712552236	15.688618740083577
245-249	13.577287282316478	34.88073425914827	36.03315125258994	15.508827205945309
250-254	13.4295013239188	34.95973080317741	36.50430273609885	15.106465136804943
255-259	13.084242933109433	34.63476070528967	37.04170165127344	15.239294710327457
260-264	13.060588669344922	34.50848569320325	37.01729933590227	15.41362630154956
265-269	12.836092966732494	34.8321433996658	36.518304724289834	15.813458909311864
270-274	12.850031113876788	34.816428126944615	37.243310516490354	15.090230242688238
275-279	12.021136063408191	34.74240422721268	37.25231175693527	15.984147952443859
280-284	12.608695652173912	32.17391304347826	40.14492753623188	15.072463768115943
285-289	10.033444816053512	36.45484949832776	36.12040133779264	17.391304347826086
290-294	5.982905982905983	35.04273504273504	39.31623931623932	19.65811965811966
295-299	10.909090909090908	34.54545454545455	36.36363636363637	18.181818181818183
300-301	9.090909090909092	9.090909090909092	63.63636363636363	18.181818181818183
>>END_MODULE
>>Per sequence GC content	warn
#GC Content	Count
0	30.0
1	39.0
2	63.5
3	93.83333333333334
4	137.66666666666666
5	231.33333333333334
6	381.3333333333333
7	580.0
8	907.1666666666667
9	1405.333333333333
10	2038.9999999999993
11	2908.166666666667
12	4142.333333333341
13	5555.33333333333
14	7291.166666666639
15	9633.999999999995
16	12466.000000000138
17	15442.666666667055
18	18507.500000000244
19	21537.166666666148
20	24180.9999999986
21	26601.83333333074
22	28799.083333329625
23	30406.499999995267
24	31283.416666661215
25	31639.833333327122
26	31072.499999993735
27	29738.499999994376
28	28573.99999999487
29	27358.83333332871
30	25670.833333329574
31	24099.166666663965
32	22774.99999999773
33	21415.58333333207
34	19423.166666666784
35	17306.66666666806
36	15258.833333334887
37	13721.083333334376
38	12584.833333334102
39	11372.166666667114
40	10190.666666666797
41	9177.666666666524
42	8664.499999999705
43	8197.499999999647
44	7381.666666666433
45	6506.166666666524
46	5621.49999999994
47	4795.333333333341
48	4062.166666666709
49	3586.5000000000277
50	3152.833333333345
51	2725.3333333333335
52	2351.666666666666
53	1970.4999999999957
54	1718.1666666666654
55	1611.3333333333328
56	1416.0
57	1194.3333333333335
58	1027.8333333333335
59	822.3333333333334
60	655.8333333333333
61	515.5
62	356.75
63	233.5
64	153.0
65	99.5
66	60.5
67	47.0
68	37.0
69	22.0
70	11.0
71	3.5
72	2.0
73	1.5
74	2.0
75	1.5
76	0.5
77	0.0
78	0.0
79	0.0
80	0.0
81	0.0
82	0.0
83	0.5
84	0.5
85	0.0
86	0.0
87	0.0
88	0.0
89	0.0
90	0.0
91	0.0
92	0.0
93	0.0
94	0.0
95	0.0
96	0.0
97	0.0
98	0.0
99	0.0
100	1.0
>>END_MODULE
>>Per base N content	pass
#Base	N-Count
1	0.007036821521847977
2	0.0
3	0.0
4	0.0
5	0.0
6	6.76617454023844E-4
7	0.0
8	0.0
9	0.0
10-14	0.0
15-19	0.0
20-24	0.0
25-29	0.0
30-34	0.0
35-39	0.0
40-44	0.0
45-49	0.0
50-54	0.0
55-59	2.719008671190553E-5
60-64	0.0
65-69	0.0
70-74	0.0
75-79	0.0
80-84	0.0
85-89	0.0
90-94	0.0
95-99	0.0
100-104	0.0
105-109	0.0
110-114	0.0
115-119	0.0
120-124	0.0
125-129	0.0
130-134	0.0
135-139	0.0
140-144	0.0
145-149	0.0
150-154	0.0
155-159	0.0
160-164	0.0
165-169	0.0
170-174	0.0
175-179	0.0
180-184	0.0
185-189	0.0
190-194	0.0
195-199	0.0
200-204	0.0
205-209	0.0
210-214	0.0
215-219	0.0
220-224	0.0
225-229	0.0
230-234	0.0
235-239	0.0
240-244	0.0
245-249	0.0
250-254	0.0
255-259	0.0
260-264	0.0
265-269	0.0
270-274	0.0
275-279	0.0
280-284	0.0
285-289	0.0
290-294	0.0
295-299	0.0
300-301	0.0
>>END_MODULE
>>Sequence Length Distribution	warn
#Length	Count
50-54	2369.0
55-59	2674.0
60-64	3061.0
65-69	3437.0
70-74	3667.0
75-79	4052.0
80-84	4617.0
85-89	5090.0
90-94	5925.0
95-99	6954.0
100-104	8438.0
105-109	10422.0
110-114	13128.0
115-119	16324.0
120-124	19054.0
125-129	21866.0
130-134	24854.0
135-139	28125.0
140-144	29876.0
145-149	30757.0
150-154	31644.0
155-159	31633.0
160-164	32267.0
165-169	35303.0
170-174	34922.0
175-179	32528.0
180-184	31844.0
185-189	31013.0
190-194	30074.0
195-199	29220.0
200-204	27570.0
205-209	26073.0
210-214	23652.0
215-219	20579.0
220-224	18125.0
225-229	15255.0
230-234	12299.0
235-239	9401.0
240-244	7058.0
245-249	5021.0
250-254	3557.0
255-259	2214.0
260-264	1336.0
265-269	844.0
270-274	448.0
275-279	216.0
280-284	97.0
285-289	54.0
290-294	20.0
295-299	6.0
300-302	7.0
>>END_MODULE
>>Sequence Duplication Levels	pass
#Total Deduplicated Percentage	89.81223306349239
#Duplication Level	Percentage of deduplicated	Percentage of total
1	95.39723283656055	85.67838509129425
2	2.666008197886132	4.788802992354613
3	0.576018251217786	1.5520045628159134
4	0.3529683949617737	1.268035190094146
5	0.2851161410680885	1.280345865588537
6	0.20345774212851878	1.0963796492771076
7	0.16682659511968756	1.048814832945478
8	0.10921421061261298	0.784701770990827
9	0.07140359887813572	0.5771624997613722
>10	0.17160346484314	1.918470950705024
>50	1.5056672360599428E-4	0.00689659417277508
>100	0.0	0.0
>500	0.0	0.0
>1k	0.0	0.0
>5k	0.0	0.0
>10k+	0.0	0.0
>>END_MODULE
>>Overrepresented sequences	pass
>>END_MODULE
>>Adapter Content	pass
#Position	Illumina Universal Adapter	Illumina Small RNA 3' Adapter	Illumina Small RNA 5' Adapter	Nextera Transposase Sequence	SOLID Small RNA Adapter
1	0.0	0.0	0.0	0.0	0.0
2	0.0	0.0	0.0	0.0	0.0
3	0.0	0.0	0.0	0.0	0.0
4	0.0	0.0	0.0	0.0	0.0
5	0.0	0.0	0.0	0.0	0.0
6	0.0	0.0	0.0	0.0	0.0
7	0.0	0.0	0.0	0.0	0.0
8	0.0	0.0	0.0	0.0	0.0
9	0.0	0.0	0.0	0.0	0.0
10-14	0.0	0.0	0.0	0.0	0.0
15-19	0.0	0.0	0.0	0.0	0.0
20-24	0.0	0.0	0.0	0.0	0.0
25-29	0.0	0.0	0.0	0.0	0.0
30-34	0.0	0.0	0.0	1.353234908047688E-4	0.0
35-39	0.0	0.0	0.0	2.165175852876301E-4	0.0
40-44	0.0	0.0	0.0	2.706469816095376E-4	0.0
45-49	0.0	0.0	0.0	2.706469816095376E-4	0.0
50-54	0.0	1.353234908047688E-4	0.0	3.518410760923989E-4	0.0
55-59	0.0	1.353234908047688E-4	0.0	4.059704724143064E-4	0.0
60-64	0.0	1.353234908047688E-4	0.0	4.059704724143064E-4	0.0
65-69	0.0	1.353234908047688E-4	0.0	4.059704724143064E-4	0.0
70-74	0.0	1.353234908047688E-4	0.0	4.059704724143064E-4	0.0
75-79	5.4129396321907526E-5	1.353234908047688E-4	0.0	4.059704724143064E-4	0.0
80-84	1.353234908047688E-4	1.353234908047688E-4	0.0	4.059704724143064E-4	0.0
85-89	3.518410760923989E-4	1.353234908047688E-4	0.0	4.059704724143064E-4	0.0
90-94	7.307468503457515E-4	1.353234908047688E-4	0.0	4.059704724143064E-4	0.0
95-99	0.0010825879264381505	1.353234908047688E-4	0.0	4.059704724143064E-4	0.0
100-104	0.002895922703222052	1.353234908047688E-4	0.0	4.059704724143064E-4	0.0
105-109	0.005169357348742168	1.353234908047688E-4	0.0	4.059704724143064E-4	0.0
110-114	0.008417121128056619	1.353234908047688E-4	0.0	4.059704724143064E-4	0.0
115-119	0.01274747283380922	1.353234908047688E-4	0.0	4.059704724143064E-4	0.0
120-124	0.017592053804619943	1.353234908047688E-4	0.0	4.330351705752602E-4	0.0
125-129	0.02370867558899549	1.353234908047688E-4	0.0	5.412939632190752E-4	0.0
130-134	0.029960620864175815	4.059704724143064E-4	0.0	5.412939632190752E-4	0.0
135-139	0.0385130654830372	5.412939632190752E-4	0.0	6.76617454023844E-4	0.0
140-144	0.04671366902580619	5.412939632190752E-4	0.0	6.76617454023844E-4	0.0
145-149	0.056565219156393357	5.412939632190752E-4	0.0	6.76617454023844E-4	0.0
150-154	0.06495527558628902	5.412939632190752E-4	0.0	6.76617454023844E-4	0.0
155-159	0.0759164783414753	5.412939632190752E-4	0.0	6.76617454023844E-4	0.0
160-164	0.0863905165297644	5.412939632190752E-4	0.0	6.76617454023844E-4	0.0
165-169	0.09515947873391342	5.412939632190752E-4	0.0	7.848762466676591E-4	0.0
170-174	0.10498396416633962	5.412939632190752E-4	0.0	8.119409448286128E-4	0.0
175-179	0.11291392072749909	5.412939632190752E-4	0.0	8.119409448286128E-4	0.0
180-184	0.12019432453279566	5.412939632190752E-4	0.0	8.119409448286128E-4	0.0
185-189	0.12614855812820547	5.412939632190752E-4	0.0	8.119409448286128E-4	0.0
190-194	0.13139910957143053	5.412939632190752E-4	0.0	8.119409448286128E-4	0.0
195-199	0.13624369054224122	5.412939632190752E-4	0.0	8.119409448286128E-4	0.0
200-204	0.14008687768109668	5.412939632190752E-4	0.0	8.119409448286128E-4	0.0
205-209	0.1436864825365035	5.412939632190752E-4	0.0	8.119409448286128E-4	0.0
210-214	0.14663653463604748	5.412939632190752E-4	0.0	8.119409448286128E-4	0.0
215-219	0.14950539264110857	5.412939632190752E-4	0.0	8.119409448286128E-4	0.0
220-224	0.15232012124984776	5.412939632190752E-4	0.0	8.119409448286128E-4	0.0
225-229	0.1542958442155974	5.412939632190752E-4	0.0	8.119409448286128E-4	0.0
230-234	0.15556788502916225	5.412939632190752E-4	0.0	8.119409448286128E-4	0.0
235-239	0.15656927886111752	5.412939632190752E-4	0.0	8.119409448286128E-4	0.0
240-244	0.15730002571146323	5.412939632190752E-4	0.0	8.119409448286128E-4	0.0
245-249	0.15748947859858994	5.412939632190752E-4	0.0	8.119409448286128E-4	0.0
250-254	0.1577330608820385	5.412939632190752E-4	0.0	8.119409448286128E-4	0.0
255-259	0.15805783725996997	5.412939632190752E-4	0.0	8.119409448286128E-4	0.0
260-264	0.15805783725996997	5.412939632190752E-4	0.0	8.119409448286128E-4	0.0
265-269	0.15805783725996997	5.412939632190752E-4	0.0	8.119409448286128E-4	0.0
270-274	0.15816609605261375	5.412939632190752E-4	0.0	8.119409448286128E-4	0.0
275-279	0.15819316075077472	5.412939632190752E-4	0.0	8.119409448286128E-4	0.0
280-284	0.15819316075077472	5.412939632190752E-4	0.0	8.119409448286128E-4	0.0
285-289	0.15819316075077472	5.412939632190752E-4	0.0	8.119409448286128E-4	0.0
290	0.15819316075077472	5.412939632190752E-4	0.0	8.119409448286128E-4	0.0
>>END_MODULE
