##FastQC	0.11.9
>>Basic Statistics	pass
#Measure	Value
Filename	SRR12740661_2.fastq.gz
File type	Conventional base calls
Encoding	Sanger / Illumina 1.9
Total Sequences	797777
Sequences flagged as poor quality	0
Sequence length	35-301
%GC	30
>>END_MODULE
>>Per base sequence quality	fail
#Base	Mean	Median	Lower Quartile	Upper Quartile	10th Percentile	90th Percentile
1	33.44750976776718	34.0	34.0	34.0	34.0	34.0
2	33.54033144600559	34.0	34.0	34.0	34.0	34.0
3	33.589554474496005	34.0	34.0	34.0	34.0	34.0
4	33.600849610856166	34.0	34.0	34.0	34.0	34.0
5	33.60386674471688	34.0	34.0	34.0	34.0	34.0
6	37.384894525663185	38.0	38.0	38.0	37.0	38.0
7	37.37621290160032	38.0	38.0	38.0	37.0	38.0
8	37.33566773672342	38.0	38.0	38.0	37.0	38.0
9	37.401468079425705	38.0	38.0	38.0	37.0	38.0
10-14	37.38961213471936	38.0	38.0	38.0	37.0	38.0
15-19	37.35462817303582	38.0	38.0	38.0	37.0	38.0
20-24	37.338322613963555	38.0	38.0	38.0	37.0	38.0
25-29	37.315089304404616	38.0	38.0	38.0	37.0	38.0
30-34	37.3011109620859	38.0	38.0	38.0	37.0	38.0
35-39	37.25127554284308	38.0	38.0	38.0	37.0	38.0
40-44	37.17779144386405	38.0	38.0	38.0	37.0	38.0
45-49	37.097090891918604	38.0	38.0	38.0	37.0	38.0
50-54	37.05195347855563	38.0	38.0	38.0	36.4	38.0
55-59	36.961585440268095	38.0	38.0	38.0	36.0	38.0
60-64	36.87706037885106	38.0	38.0	38.0	36.0	38.0
65-69	36.805116042637714	38.0	38.0	38.0	35.6	38.0
70-74	36.7251733286284	38.0	38.0	38.0	35.0	38.0
75-79	36.62383539838786	38.0	37.6	38.0	34.6	38.0
80-84	36.539712581627974	38.0	37.0	38.0	34.0	38.0
85-89	36.46754025340037	38.0	37.0	38.0	34.0	38.0
90-94	36.358025975642256	38.0	37.0	38.0	34.0	38.0
95-99	36.22433088188784	38.0	37.0	38.0	33.8	38.0
100-104	36.113638933362495	38.0	37.0	38.0	32.8	38.0
105-109	35.99047094603527	38.0	37.0	38.0	32.0	38.0
110-114	35.85251687694069	38.0	37.0	38.0	31.8	38.0
115-119	35.64703355362833	38.0	37.0	38.0	30.8	38.0
120-124	35.48467327329372	38.0	37.0	38.0	29.4	38.0
125-129	35.306527799012805	38.0	36.2	38.0	28.0	38.0
130-134	35.118337482149045	38.0	36.0	38.0	27.4	38.0
135-139	34.75752522266592	38.0	35.8	38.0	25.2	38.0
140-144	34.42301875668845	38.0	35.0	38.0	24.0	38.0
145-149	34.096727479476996	37.6	34.6	38.0	23.4	38.0
150-154	33.80692319487435	37.0	34.0	38.0	23.0	38.0
155-159	33.462287040068865	37.0	33.8	38.0	22.4	38.0
160-164	32.99381876347809	37.0	31.6	38.0	20.4	38.0
165-169	32.42732897100457	37.0	30.0	38.0	17.6	38.0
170-174	31.73669270828011	36.6	28.0	38.0	15.4	38.0
175-179	31.19351246532551	35.6	27.8	37.8	11.0	38.0
180-184	30.459901276418385	35.0	25.0	37.2	10.0	38.0
185-189	29.75739384390289	35.0	23.8	37.0	10.0	37.6
190-194	28.85291766096683	34.4	22.4	37.0	10.0	37.0
195-199	28.01585599802243	32.8	20.6	37.0	9.6	37.0
200-204	27.11214453320672	31.0	19.6	37.0	9.0	37.0
205-209	25.996362183079675	28.6	17.4	36.0	9.0	37.0
210-214	24.892719390333202	26.4	15.2	35.0	8.6	37.0
215-219	23.973975991441783	25.4	14.0	35.0	8.0	36.6
220-224	22.992404495881697	24.0	11.6	34.4	8.0	36.2
225-229	21.895091865822533	22.4	9.2	33.0	8.0	36.0
230-234	20.87443901292647	20.6	9.0	31.0	8.0	36.0
235-239	19.962851700609395	19.6	9.0	28.8	8.0	35.4
240-244	18.97316779167022	17.6	9.0	27.2	8.0	34.8
245-249	18.109362572777222	15.8	8.8	25.8	7.0	34.0
250-254	17.21071683336318	14.8	8.0	24.6	7.0	32.6
255-259	16.421778681608675	13.8	8.0	23.0	7.0	31.2
260-264	15.589344432872796	13.0	8.0	21.6	7.0	29.4
265-269	14.950211992390072	12.2	8.0	20.4	7.0	28.0
270-274	14.243046579319318	11.6	8.0	19.2	7.0	26.2
275-279	13.633210530255843	11.0	8.0	18.2	7.0	25.2
280-284	13.077900374283505	10.2	8.0	16.6	7.0	23.8
285-289	12.602240460775386	9.0	7.8	15.8	7.0	22.6
290-294	12.157232739751507	9.0	7.0	14.6	7.0	21.4
295-299	11.713997359487488	8.8	7.0	14.0	7.0	20.8
300-301	11.054266103376825	8.5	7.0	13.5	7.0	18.0
>>END_MODULE
>>Per sequence quality scores	pass
#Quality	Count
2	3.0
3	0.0
4	0.0
5	0.0
6	0.0
7	0.0
8	0.0
9	1.0
10	1.0
11	12.0
12	32.0
13	95.0
14	255.0
15	771.0
16	1777.0
17	2882.0
18	4116.0
19	5611.0
20	7253.0
21	8843.0
22	10763.0
23	12497.0
24	14033.0
25	16311.0
26	18917.0
27	22699.0
28	27192.0
29	30662.0
30	34019.0
31	35915.0
32	35507.0
33	32981.0
34	34726.0
35	51968.0
36	96246.0
37	291689.0
>>END_MODULE
>>Per base sequence content	warn
#Base	G	A	T	C
1	13.207084920547175	37.6013890424452	34.60758545827345	14.583940578734184
2	14.078548561372017	39.169113057081326	34.744551715147395	12.007786666399255
3	14.146147019449165	37.524004352120656	35.04723153983845	13.282617088591728
4	16.46782171391898	35.90214772604773	33.86523000248191	13.764800557551387
5	16.02375114694424	37.08766414464283	33.63304302482413	13.255541683588795
6	15.722028765327176	37.921019446805204	32.10402549118413	14.252926296683487
7	15.709877007465792	36.925963809208646	33.930120385272986	13.434038798052578
8	14.846973822094533	37.65524485692654	33.775188901089535	13.722592419889393
9	14.228591054609453	37.02539817040916	34.44108231153184	14.304928463449547
10-14	14.0754148417973	37.61165442844715	34.62494390641962	13.687986823335931
15-19	13.782854237629763	37.04629056506995	35.354908872665405	13.81594632463488
20-24	14.002160044885612	36.81743358789573	35.08350619207853	14.096900175140128
25-29	14.10285884480417	36.92149515043589	34.8257543982276	14.14989160653234
30-34	14.208003040544689	36.862367468177446	34.70472896457269	14.224900526705172
35-39	14.199688430253051	36.90958310122708	34.64937372675825	14.241354741761628
40-44	14.273236143504795	36.92062730385848	34.56787430657041	14.238262246066313
45-49	14.286688540110589	36.79650325769895	34.65067929529601	14.266128906894448
50-54	14.24569127624473	36.92527366726674	34.566319494937844	14.26271556155069
55-59	14.267130739510156	36.95885854328568	34.48722182396074	14.286788893243438
60-64	14.204906927168452	36.94045149306972	34.504591639832675	14.35004993992915
65-69	14.22571988886991	36.968060758873946	34.50407683496449	14.302142517291655
70-74	14.219815744956666	36.996594632884566	34.458271710971225	14.325317911187543
75-79	14.209150999138165	36.95570523009219	34.478464805924204	14.35667896484544
80-84	14.189783799441063	37.00766016748051	34.4286852413638	14.37387079171463
85-89	14.209926156628322	37.04764655648767	34.414628020294366	14.327799266589642
90-94	14.219140653779434	36.95754011848907	34.410912802336085	14.412406425395414
95-99	14.185446231174769	36.993909160194754	34.449789938461734	14.370854670168743
100-104	14.211329610452378	37.02727146799	34.38601786214421	14.375381059413419
105-109	14.19889146327153	36.99450506745859	34.37030267594122	14.436300793328662
110-114	14.307926913543845	36.968127310570345	34.28474314596917	14.439202629916634
115-119	14.26525574068696	37.06191333282603	34.15252557096275	14.520305355524254
120-124	14.351373871749196	37.02294459237132	34.09562169447379	14.53005984140569
125-129	14.397202654092824	36.995054982879545	33.96873986306312	14.639002499964507
130-134	14.54082395114085	36.96858502214626	33.8328181456479	14.657772881064995
135-139	14.63605743502526	36.91220480189112	33.684402848179964	14.76733491490366
140-144	14.746834982696596	36.834124436130146	33.49557850392109	14.92346207725217
145-149	14.885775742039975	36.8045807111	33.28764463363493	15.021998913225087
150-154	15.057279768519646	36.579749092187974	33.1850037511861	15.177967388106273
155-159	15.22611733666922	36.55600956339255	32.9215112030818	15.296361896856434
160-164	15.417568008936897	36.41143268283414	32.716273119048864	15.454726189180107
165-169	15.574427225964325	36.20705274241004	32.526571773309186	15.691948258316446
170-174	15.800802877510648	36.2517608655465	32.15530677925425	15.792129477688599
175-179	15.93655383575154	36.19084598846482	31.893307841000517	15.979292334783121
180-184	16.152696682513742	36.05181457402888	31.612433833864102	16.18305490959328
185-189	16.386403547190902	35.98909647575071	31.357684815570263	16.26681516148812
190-194	16.522195623505997	35.894174997129426	31.09683749769484	16.486791881669735
195-199	16.728266175139602	35.7972079220216	30.725230539276318	16.74929536356249
200-204	16.904088454615582	35.806945489630834	30.362277984718126	16.926688071035453
205-209	17.119027722643047	35.72328290815663	30.015206554471508	17.142482814728815
210-214	17.3766579073819	35.56590635667257	29.650357275887917	17.40707846005761
215-219	17.59242373545237	35.49344197043773	29.301148163947303	17.612986130162604
220-224	17.895683797702063	35.40821346314536	28.810268662074144	17.885834077078442
225-229	18.216936626544296	35.188548026746744	28.405668337914147	18.18884700879482
230-234	18.495804910568083	35.03974816643299	28.017067061992222	18.447379861006706
235-239	18.83678542037903	34.94960174681179	27.569765483445025	18.643847349364158
240-244	19.208635526546374	34.70333055607651	27.157943928106963	18.930089989270154
245-249	19.602129758238217	34.69242556917688	26.591845824023192	19.113598848561708
250-254	19.980187398466835	34.60673782436077	26.155649542795988	19.257425234376406
255-259	20.44304532646304	34.5563869344307	25.60914490659713	19.391422832509132
260-264	20.67333369070806	34.40241320592263	25.19756535159386	19.726687751775458
265-269	21.1108634135271	34.46062512175675	24.551650636616262	19.876860828099886
270-274	21.42568547248313	34.39794226504891	24.109808023112357	20.0665642393556
275-279	21.836094890784143	34.51655335309941	23.63838284719987	20.00896890891658
280-284	22.029061160514583	34.81406734993482	22.915035393071	20.241836096479602
285-289	22.181935562910855	35.24114525153122	21.957215843118792	20.619703342439127
290-294	22.306683742130936	35.69785570863292	21.243022689634966	20.752437859601176
295-299	22.251620408375185	35.704062001406065	20.013920286713002	22.03039730350575
300-301	25.628038751095943	21.09161962867156	32.95582172177177	20.32451989846073
>>END_MODULE
>>Per sequence GC content	warn
#GC Content	Count
0	10.5
1	11.5
2	16.5
3	30.5
4	65.25
5	130.66666666666666
6	218.33333333333337
7	348.91666666666663
8	598.9999999999999
9	1006.8333333333337
10	1538.9999999999995
11	2272.999999999997
12	3336.6666666666715
13	4628.333333333337
14	6210.249999999972
15	8283.749999999898
16	10855.250000000095
17	13608.416666667044
18	16413.91666666762
19	19108.583333333532
20	21437.666666665868
21	23631.91666666463
22	25583.416666663346
23	26871.24999999569
24	27472.333333328403
25	27575.583333328024
26	26968.666666661677
27	25512.416666662546
28	24137.24999999671
29	22729.999999997817
30	21086.249999998927
31	19651.083333333354
32	18157.08333333444
33	16559.250000002332
34	14852.750000001732
35	12963.916666667692
36	11255.000000000458
37	9971.833333333387
38	8907.083333332987
39	7929.666666666152
40	7009.416666666312
41	6297.91666666644
42	5876.833333333179
43	5539.916666666573
44	5191.249999999967
45	4603.250000000041
46	3987.333333333431
47	3392.7500000000637
48	2834.3333333333608
49	2424.416666666664
50	2098.5833333333157
51	1744.6666666666522
52	1460.9999999999932
53	1216.7500000000007
54	986.5833333333377
55	826.1666666666692
56	655.4166666666672
57	502.33333333333235
58	375.083333333333
59	279.4166666666668
60	198.83333333333346
61	143.41666666666669
62	97.83333333333331
63	66.00000000000001
64	35.583333333333336
65	27.583333333333325
66	15.583333333333334
67	10.416666666666666
68	6.499999999999999
69	5.166666666666666
70	3.25
71	1.75
72	2.5
73	2.25
74	1.75
75	0.5
76	0.5
77	0.25
78	0.5
79	0.75
80	0.3333333333333333
81	1.4166666666666665
82	0.5833333333333333
83	0.25
84	0.25
85	0.25
86	0.5
87	0.25
88	0.5
89	0.0
90	0.0
91	0.25
92	0.0
93	0.25
94	0.25
95	0.0
96	0.0
97	0.0
98	0.25
99	0.25
100	1.6666666666666665
>>END_MODULE
>>Per base N content	pass
#Base	N-Count
1	0.22976345520114017
2	3.760449348627499E-4
3	6.267415581045832E-4
4	3.760449348627499E-4
5	6.267415581045832E-4
6	0.0013788314278300828
7	6.267415581045832E-4
8	6.267415581045832E-4
9	3.760449348627499E-4
10-14	3.760449348627499E-4
15-19	4.0111459718693315E-4
20-24	0.001980503323610483
25-29	0.004412260569056265
30-34	0.003158777452847099
35-39	5.515365809144276E-4
40-44	0.002055771063317498
45-49	0.0071702847355167776
50-54	0.00310890390077181
55-59	0.003184318909288032
60-64	0.00318461914211877
65-69	0.01015688245402318
70-74	0.0020568235120010637
75-79	0.0010788493344252293
80-84	0.002459787494440378
85-89	0.0
90-94	0.0
95-99	0.0025698022537165763
100-104	0.01650353107326784
105-109	0.0070859644315062805
110-114	0.0021499167675080007
115-119	0.003959919403993307
120-124	6.56929396381738E-4
125-129	0.001151797232258037
130-134	0.0037839019102946536
135-139	0.0033551322951219475
140-144	8.72806491818312E-5
145-149	0.0013546872177734963
150-154	0.002404949072860899
155-159	3.572294968942143E-4
160-164	0.00270479892186715
165-169	0.0029256029738225506
170-174	2.572611972936122E-4
175-179	0.0018015006884032417
180-184	0.006239246299047075
185-189	3.7540684717062115E-4
190-194	0.0034793621633282187
195-199	0.007930638185252456
200-204	0.004670683769232366
205-209	0.0
210-214	0.001121012824896268
215-219	0.0010043228168400622
220-224	0.0010944014253484165
225-229	0.0029953825894799904
230-234	0.0013402662001763324
235-239	1.1987439560828163E-4
240-244	3.689331253370358E-4
245-249	8.177761897542708E-4
250-254	0.0022455488410080848
255-259	0.0
260-264	4.632613866339825E-4
265-269	0.00294550612832633
270-274	0.001553952207186421
275-279	0.0011568261589696897
280-284	0.020204870538148165
285-289	0.012524920807403193
290-294	0.0042940778433201805
295-299	0.006244093543537117
300-301	0.010626196956560589
>>END_MODULE
>>Sequence Length Distribution	warn
#Length	Count
30-39	16.0
40-49	39.0
50-59	99.0
60-69	213.0
70-79	432.0
80-89	1151.0
90-99	3319.0
100-109	8298.0
110-119	18029.0
120-129	29384.0
130-139	40411.0
140-149	46355.0
150-159	48754.0
160-169	48016.0
170-179	44665.0
180-189	41112.0
190-199	36783.0
200-209	32413.0
210-219	27925.0
220-229	23090.0
230-239	18791.0
240-249	14400.0
250-259	10323.0
260-269	6763.0
270-279	4334.0
280-289	3062.0
290-299	29268.0
300-302	260332.0
>>END_MODULE
>>Sequence Duplication Levels	pass
#Total Deduplicated Percentage	89.9091493974942
#Duplication Level	Percentage of deduplicated	Percentage of total
1	95.46001303741042	85.82728573667278
2	2.691411494463323	4.839650362916722
3	0.5311643239789358	1.4326959767772343
4	0.3318470098246578	1.1934432953374754
5	0.2668644487349709	1.1996777795096214
6	0.1928109645343578	1.040128188947672
7	0.16004289025462942	1.007252409093717
8	0.10609036196535707	0.763079536286202
9	0.07293902531068877	0.5902097151209696
>10	0.1866771489888342	2.099939357221415
>50	1.3929453379723985E-4	0.006637642116198081
>100	0.0	0.0
>500	0.0	0.0
>1k	0.0	0.0
>5k	0.0	0.0
>10k+	0.0	0.0
>>END_MODULE
>>Overrepresented sequences	pass
>>END_MODULE
>>Adapter Content	pass
#Position	Illumina Universal Adapter	Illumina Small RNA 3' Adapter	Illumina Small RNA 5' Adapter	Nextera Transposase Sequence	SOLID Small RNA Adapter
1	0.0	0.0	0.0	0.0	0.0
2	0.0	0.0	0.0	0.0	0.0
3	0.0	0.0	0.0	0.0	0.0
4	0.0	0.0	0.0	0.0	0.0
5	0.0	0.0	0.0	0.0	0.0
6	0.0	0.0	0.0	0.0	0.0
7	0.0	0.0	0.0	0.0	0.0
8	0.0	0.0	0.0	0.0	0.0
9	0.0	0.0	0.0	0.0	0.0
10-14	0.0	0.0	0.0	0.0	0.0
15-19	0.0	0.0	0.0	0.0	0.0
20-24	0.0	0.0	0.0	0.0	0.0
25-29	0.0	0.0	0.0	1.2534831162091663E-4	0.0
30-34	0.0	0.0	0.0	2.5069662324183326E-4	0.0
35-39	0.0	0.0	0.0	3.259056102143832E-4	0.0
40-44	0.0	0.0	0.0	3.7604493486274984E-4	0.0
45-49	0.0	0.0	0.0	3.7604493486274984E-4	0.0
50-54	0.0	1.2534831162091663E-4	0.0	4.512539218352998E-4	0.0
55-59	2.5069662324183325E-5	1.2534831162091663E-4	0.0	5.013932464836665E-4	0.0
60-64	1.2534831162091663E-4	1.2534831162091663E-4	0.0	5.013932464836665E-4	0.0
65-69	1.2534831162091663E-4	1.2534831162091663E-4	0.0	5.013932464836665E-4	0.0
70-74	1.2534831162091663E-4	1.2534831162091663E-4	0.0	5.013932464836665E-4	0.0
75-79	3.2590561021438323E-4	1.2534831162091663E-4	0.0	5.013932464836665E-4	0.0
80-84	8.272988566980497E-4	1.2534831162091663E-4	0.0	5.013932464836665E-4	0.0
85-89	0.0015543190640993662	1.2534831162091663E-4	0.0	5.013932464836665E-4	0.0
90-94	0.0025069662324183326	1.2534831162091663E-4	0.0	5.013932464836665E-4	0.0
95-99	0.003860727997924232	1.2534831162091663E-4	0.0	5.013932464836665E-4	0.0
100-104	0.007445689710282447	1.2534831162091663E-4	0.0	5.013932464836665E-4	0.0
105-109	0.013562687317383176	1.2534831162091663E-4	0.0	5.013932464836665E-4	0.0
110-114	0.021133725339286542	1.2534831162091663E-4	0.0	5.013932464836665E-4	0.0
115-119	0.032239585748899756	1.2534831162091663E-4	0.0	5.013932464836665E-4	0.0
120-124	0.04627859665044241	1.2534831162091663E-4	0.0	5.264629088078498E-4	0.0
125-129	0.06485521643266226	1.2534831162091663E-4	0.0	6.267415581045832E-4	0.0
130-134	0.08405857777298668	3.760449348627499E-4	0.0	6.267415581045832E-4	0.0
135-139	0.1071978760982079	5.013932464836665E-4	0.0	7.520898697254997E-4	0.0
140-144	0.1354764551998867	5.013932464836665E-4	0.0	7.520898697254997E-4	0.0
145-149	0.16503358708009883	5.013932464836665E-4	0.0	7.520898697254997E-4	0.0
150-154	0.1967968492448391	5.013932464836665E-4	0.0	8.774381813464163E-4	0.0
155-159	0.23447655171808662	5.013932464836665E-4	0.0	8.774381813464163E-4	0.0
160-164	0.27097798006209756	5.013932464836665E-4	0.0	8.774381813464163E-4	0.0
165-169	0.3074292690814601	5.013932464836665E-4	0.0	9.777168306431498E-4	0.0
170-174	0.34653794230718604	6.518112204287665E-4	0.0	0.001002786492967333	0.0
175-179	0.3877524671681435	7.520898697254997E-4	0.0	0.001002786492967333	0.0
180-184	0.42994470885974395	7.520898697254997E-4	0.0	0.001002786492967333	0.0
185-189	0.4741174538749551	7.520898697254997E-4	0.0	0.001002786492967333	0.0
190-194	0.5220005089141451	7.520898697254997E-4	0.0	0.001002786492967333	0.0
195-199	0.5705855144984124	7.520898697254997E-4	0.0	0.001002786492967333	0.0
200-204	0.6276691356105779	7.520898697254997E-4	0.0	0.001002786492967333	0.0
205-209	0.6881120914741838	7.520898697254997E-4	0.0	0.001002786492967333	0.0
210-214	0.7527166112836043	7.520898697254997E-4	0.0	0.001002786492967333	0.0
215-219	0.8243907758684443	7.520898697254997E-4	0.0	0.001002786492967333	0.0
220-224	0.9041123020593472	7.520898697254997E-4	0.0	0.001002786492967333	0.0
225-229	0.9905274280908072	7.520898697254997E-4	0.0	0.001002786492967333	0.0
230-234	1.076491300200432	8.272988566980497E-4	0.0	0.001002786492967333	0.0
235-239	1.1738618686675601	8.774381813464163E-4	0.0	0.001002786492967333	0.0
240-244	1.2793299380653993	8.774381813464163E-4	0.0	0.001002786492967333	0.0
245-249	1.3841461962428099	8.774381813464163E-4	0.0	0.001002786492967333	0.0
250-254	1.4918956049121497	9.526471683189662E-4	0.0	0.0011281348045882496	0.0
255-259	1.600096267503325	0.001002786492967333	0.0	0.0011281348045882496	0.0
260-264	1.7088735323279565	0.001002786492967333	0.0	0.0011281348045882496	0.0
265-269	1.8159961994391918	0.0010529258176156997	0.0	0.0011281348045882496	0.0
270-274	1.9082024174675378	0.0011281348045882496	0.0	0.0011281348045882496	0.0
275-279	1.9902554222545898	0.0011281348045882496	0.0	0.0011281348045882496	0.0
280-284	2.048893362430855	0.0011281348045882496	0.0	0.0011281348045882496	0.0
285-289	2.087475572747773	0.0011281348045882496	0.0	0.0011281348045882496	0.0
290	2.0909351861485104	0.0011281348045882496	0.0	0.0011281348045882496	0.0
>>END_MODULE
