##FastQC	0.11.9
>>Basic Statistics	pass
#Measure	Value
Filename	SRR12740661_1P.fastq
File type	Conventional base calls
Encoding	Sanger / Illumina 1.9
Total Sequences	738970
Sequences flagged as poor quality	0
Sequence length	50-301
%GC	29
>>END_MODULE
>>Per base sequence quality	pass
#Base	Mean	Median	Lower Quartile	Upper Quartile	10th Percentile	90th Percentile
1	33.914563514080406	34.0	34.0	34.0	34.0	34.0
2	33.93558601837693	34.0	34.0	34.0	34.0	34.0
3	33.947054684222636	34.0	34.0	34.0	34.0	34.0
4	33.95833389718121	34.0	34.0	34.0	34.0	34.0
5	33.960573500954034	34.0	34.0	34.0	34.0	34.0
6	37.893152631365275	38.0	38.0	38.0	38.0	38.0
7	37.88847449828816	38.0	38.0	38.0	38.0	38.0
8	37.859761560009204	38.0	38.0	38.0	38.0	38.0
9	37.83790816947914	38.0	38.0	38.0	38.0	38.0
10-14	37.83475675602527	38.0	38.0	38.0	38.0	38.0
15-19	37.827221944057264	38.0	38.0	38.0	38.0	38.0
20-24	37.816148693451694	38.0	38.0	38.0	38.0	38.0
25-29	37.79643503795824	38.0	38.0	38.0	38.0	38.0
30-34	37.78715482360583	38.0	38.0	38.0	38.0	38.0
35-39	37.77229928143227	38.0	38.0	38.0	38.0	38.0
40-44	37.762922446107424	38.0	38.0	38.0	38.0	38.0
45-49	37.741912932866015	38.0	38.0	38.0	38.0	38.0
50-54	37.718501425932644	38.0	38.0	38.0	38.0	38.0
55-59	37.71323898477145	38.0	38.0	38.0	38.0	38.0
60-64	37.69902591519549	38.0	38.0	38.0	38.0	38.0
65-69	37.68802094879896	38.0	38.0	38.0	38.0	38.0
70-74	37.684211874319125	38.0	38.0	38.0	38.0	38.0
75-79	37.56128559829532	38.0	38.0	38.0	37.0	38.0
80-84	37.66772115862183	38.0	38.0	38.0	37.6	38.0
85-89	37.53944184287578	38.0	38.0	38.0	37.0	38.0
90-94	37.63791210575778	38.0	38.0	38.0	37.0	38.0
95-99	37.619610333015956	38.0	38.0	38.0	37.0	38.0
100-104	37.60673720040903	38.0	38.0	38.0	37.0	38.0
105-109	37.59761515566168	38.0	38.0	38.0	37.0	38.0
110-114	37.57243719323761	38.0	38.0	38.0	37.0	38.0
115-119	37.55439568270761	38.0	38.0	38.0	37.0	38.0
120-124	37.55135155790848	38.0	38.0	38.0	37.0	38.0
125-129	37.514737802546776	38.0	38.0	38.0	37.0	38.0
130-134	37.50868279458925	38.0	38.0	38.0	37.0	38.0
135-139	37.484225486200025	38.0	38.0	38.0	37.0	38.0
140-144	37.47316066333777	38.0	38.0	38.0	37.0	38.0
145-149	37.46488674310255	38.0	38.0	38.0	37.0	38.0
150-154	37.410528722632236	38.0	38.0	38.0	37.0	38.0
155-159	37.40642678340238	38.0	38.0	38.0	37.0	38.0
160-164	37.37119233568079	38.0	38.0	38.0	37.0	38.0
165-169	37.35423319441453	38.0	38.0	38.0	37.0	38.0
170-174	37.32255457590071	38.0	38.0	38.0	37.0	38.0
175-179	37.28532468344075	38.0	38.0	38.0	37.0	38.0
180-184	37.25658978714188	38.0	38.0	38.0	36.8	38.0
185-189	37.201199417774944	38.0	38.0	38.0	36.0	38.0
190-194	37.14979009048754	38.0	38.0	38.0	36.0	38.0
195-199	37.10940282500971	38.0	38.0	38.0	36.0	38.0
200-204	37.055399820874925	38.0	37.8	38.0	35.6	38.0
205-209	36.99110434787747	38.0	37.0	38.0	35.0	38.0
210-214	36.92896032508186	38.0	37.0	38.0	35.0	38.0
215-219	36.85880166351548	38.0	37.0	38.0	35.0	38.0
220-224	36.7694261619644	38.0	37.0	38.0	34.0	38.0
225-229	36.688859286879975	38.0	37.0	38.0	34.0	38.0
230-234	36.58767623768345	38.0	37.0	38.0	34.0	38.0
235-239	36.48900640904033	38.0	37.0	38.0	34.0	38.0
240-244	36.390296909121204	38.0	37.0	38.0	34.0	38.0
245-249	36.23933063793061	38.0	37.0	38.0	34.0	38.0
250-254	36.14465984380346	38.0	37.0	38.0	33.8	38.0
255-259	35.959606907253615	38.0	36.2	38.0	32.6	38.0
260-264	35.7612732299773	37.8	35.4	38.0	31.2	38.0
265-269	35.4293047951651	37.0	35.0	37.8	29.8	38.0
270-274	35.12853859837778	37.0	34.6	37.6	29.0	38.0
275-279	34.77843692962891	37.0	34.0	37.0	28.8	38.0
280-284	34.47070075549253	37.0	33.4	37.0	28.0	37.4
285-289	34.01326986925376	37.0	32.2	37.0	26.8	37.0
290-294	33.603734969539765	36.4	31.8	37.0	26.2	37.0
295-299	33.21722271111953	36.0	31.0	37.0	25.8	37.0
300-301	33.41204274087819	34.5	30.5	37.0	27.5	37.0
>>END_MODULE
>>Per sequence quality scores	pass
#Quality	Count
30	7.0
31	165.0
32	1032.0
33	4473.0
34	14184.0
35	36772.0
36	103523.0
37	578814.0
>>END_MODULE
>>Per base sequence content	fail
#Base	G	A	T	C
1	14.353492022680218	35.371801290986106	35.8171508992246	14.457555787109083
2	14.583967663054878	35.388358645626546	37.517811978580966	12.50986171273761
3	14.504377714927536	34.6310405023208	37.40490141683695	13.45968036591472
4	16.018241606560483	33.859425957752	36.547627102588734	13.574705333098771
5	16.512037024507084	34.624274327780554	35.48154864202877	13.382140005683588
6	15.964653504201795	35.12862497800993	34.85554217356591	14.051179344222364
7	16.31324681651488	34.73672814863932	35.531753657117335	13.41827137772846
8	15.232012124984776	34.9744915219833	35.86600267940512	13.927493673626806
9	14.617914123712735	34.40004330351706	36.71069190900849	14.271350663761723
10-14	14.482711397240417	34.885122006867434	36.62506532771576	14.007101268176397
15-19	14.405320919658443	34.505162591174205	36.92350163064806	14.16601485851929
20-24	14.604476034505485	34.294594640677936	36.703553313505644	14.39737601131093
25-29	14.707498274625491	34.40729664262419	36.47498545272474	14.410219630025574
30-34	14.717620471737689	34.36004167963517	36.47292853566451	14.449409312962638
35-39	14.685897428957759	34.408002069911475	36.49409826233529	14.412002238795468
40-44	14.712644549208912	34.421812636998155	36.46379053650095	14.401752277291981
45-49	14.67963752751806	34.35331269557649	36.55229473704723	14.414755039858223
50-54	14.6690616184507	34.426357399691305	36.51588149918709	14.38869948267091
55-59	14.71845488855093	34.4690443988244	36.45880106396899	14.353699648655677
60-64	14.644350439822453	34.44543516016535	36.55893381453638	14.351280585475806
65-69	14.641569254679307	34.534644045865306	36.493293922130235	14.330492777325157
70-74	14.644462327354043	34.53542579781976	36.48611217068718	14.33399970413902
75-79	14.627292648688464	34.394549883576516	36.504213101460785	14.473944366274239
80-84	14.619765479396602	34.53842386248102	36.505687560518766	14.336123097603615
85-89	14.634343559226942	34.48648421905525	36.478603060675646	14.400569161042162
90-94	14.619851284100122	34.619142004899565	36.44415063538671	14.316856075613597
95-99	14.625505537602535	34.56671982987773	36.51694681730504	14.2908278152147
100-104	14.598775342578499	34.606972199274324	36.479931558486165	14.314320899661013
105-109	14.603395481024597	34.55749641889694	36.53608231133998	14.303025788738477
110-114	14.661370216824366	34.54159546044661	36.48358587299016	14.313448449738866
115-119	14.68216566573707	34.55975062080014	36.419503180470315	14.338580532992479
120-124	14.678169126023652	34.48275353612743	36.4367914732461	14.402285864602806
125-129	14.736425534689463	34.42874288660466	36.3905789847994	14.444252593906478
130-134	14.796135647177286	34.40176033910552	36.323507318605486	14.478596695111701
135-139	14.8504634705408	34.28158377400831	36.289560509705325	14.578392245745558
140-144	14.9703584280448	34.178070428854234	36.19087494891106	14.660696194189907
145-149	15.064591245529899	34.055699553682814	36.15020236742162	14.729506833365674
150-154	15.172076424338588	33.932726420826306	36.0628343456186	14.832362809216516
155-159	15.244727585095614	33.829128927478884	35.94515526953002	14.980988217895483
160-164	15.340849969082681	33.72786302133355	35.90786280604855	15.023424203535217
165-169	15.430261085858362	33.59264429627075	35.78709478990567	15.18999982796522
170-174	15.576401532602285	33.42623975693416	35.679338430806965	15.318020279656588
175-179	15.72082061750637	33.30215603824125	35.5838208964693	15.393202447783082
180-184	15.827758442945317	33.136665300984916	35.47705925826225	15.558516997807514
185-189	15.992674011787328	33.03217121105786	35.35050209630752	15.624652680847289
190-194	16.049836117800496	32.87964752329361	35.3050266426107	15.765489716295189
195-199	16.1870619715119	32.76343042811975	35.18179080983144	15.867716790536912
200-204	16.283449849711964	32.6370840252988	35.08710966597251	15.99235645901672
205-209	16.39198280378747	32.4483552502701	35.076063491051606	16.083598454890822
210-214	16.448496176504086	32.36603968738525	34.97432254896898	16.21114158714168
215-219	16.543675096850198	32.28664637784037	34.927466187387196	16.242212337922233
220-224	16.679901606368926	32.169870383759395	34.83150696550972	16.318721044361954
225-229	16.785200838342025	32.103129925692414	34.69774652278593	16.413922713179637
230-234	16.90190149184809	32.06272390755458	34.5498201291495	16.48555447144783
235-239	17.05081520320862	31.94679198166044	34.38407091725919	16.61832189787176
240-244	17.03084972428466	31.799748165516046	34.43055012808823	16.738851982111065
245-249	17.135547763446002	31.685133338123244	34.37250811830762	16.806810780123133
250-254	17.25235681098164	31.54565996481625	34.36805900399955	16.833924220202555
255-259	17.324763726372638	31.47291291629163	34.28780378037804	16.914519576957694
260-264	17.319703566552292	31.382895274368693	34.429710447710185	16.867690711368823
265-269	17.35276016347304	31.331295682901022	34.33521654645912	16.980727607166813
270-274	17.50852130617373	31.1241919785329	34.415994850377885	16.951291864915486
275-279	17.589890958454905	31.126424724310887	34.35888507885017	16.924799238384033
280-284	17.608763360402314	31.111600665456287	34.468255354922675	16.81138061921872
285-289	17.63498948903984	30.89807185405035	34.57616665727747	16.89077199963234
290-294	17.515682109163215	31.10565128139104	34.51279960517563	16.86586700427011
295-299	17.65952143569292	30.828941746190004	34.62202677681242	16.889510041304657
300-301	16.99725885476247	19.729770563985234	46.5131337549373	16.759836826314995
>>END_MODULE
>>Per sequence GC content	warn
#GC Content	Count
0	28.0
1	44.5
2	62.0
3	90.5
4	151.0
5	242.0
6	360.0
7	501.3333333333332
8	746.1666666666667
9	1148.333333333333
10	1732.916666666666
11	2575.416666666667
12	3699.3333333333408
13	4960.416666666667
14	6635.999999999964
15	8730.916666666606
16	11237.333333333461
17	14007.500000000471
18	16935.666666667516
19	20014.16666666643
20	22657.416666665227
21	24978.83333333033
22	26801.333333328836
23	28119.33333332732
24	28851.083333326467
25	28949.583333325736
26	28201.24999999238
27	26891.249999993157
28	25500.999999993895
29	23906.583333328745
30	22567.166666663292
31	21116.08333333152
32	19356.750000000382
33	17706.166666669247
34	15834.500000003893
35	13841.000000002581
36	11945.666666668047
37	10478.16666666713
38	9838.999999999973
39	8994.166666665968
40	7924.5833333321025
41	7353.999999998937
42	7034.583333332379
43	6393.249999999361
44	5625.249999999718
45	4987.8333333333185
46	4414.416666666903
47	3994.4166666670203
48	3361.583333333547
49	2776.250000000076
50	2334.4166666666297
51	1987.4166666665808
52	1568.6666666666313
53	1279.6666666666622
54	1067.2500000000164
55	921.7500000000169
56	761.33333333334
57	598.0833333333328
58	460.16666666666407
59	358.5833333333328
60	263.33333333333394
61	181.08333333333343
62	129.74999999999991
63	96.33333333333331
64	66.00000000000001
65	31.833333333333325
66	21.5
67	19.5
68	9.000000000000002
69	5.999999999999999
70	6.666666666666666
71	3.833333333333333
72	0.5
73	0.0
74	0.5
75	0.5
76	0.0
77	0.0
78	0.3333333333333333
79	0.0
80	0.0
81	0.0
82	0.0
83	0.0
84	0.0
85	0.0
86	0.0
87	0.0
88	0.0
89	0.0
90	0.0
91	0.0
92	0.0
93	0.0
94	0.0
95	0.0
96	0.0
97	0.0
98	0.0
99	0.0
100	0.0
>>END_MODULE
>>Per base N content	pass
#Base	N-Count
1	0.0
2	1.353234908047688E-4
3	0.0
4	0.0
5	0.0
6	0.0
7	0.0
8	0.0
9	0.0
10-14	4.6009986873621393E-4
15-19	0.0
20-24	4.6009986873621393E-4
25-29	0.0
30-34	0.0
35-39	1.6238818896572256E-4
40-44	2.7064698160953756E-5
45-49	1.0825879264381502E-4
50-54	0.0
55-59	5.429518336569326E-5
60-64	5.4418288898533026E-5
65-69	2.7275439939208502E-5
70-74	0.0
75-79	0.0
80-84	0.0
85-89	0.0
90-94	2.7706211095284704E-5
95-99	0.0
100-104	0.0
105-109	0.0
110-114	0.0
115-119	0.0
120-124	0.0
125-129	0.0
130-134	0.0
135-139	0.0
140-144	0.0
145-149	0.0
150-154	0.0
155-159	0.0
160-164	0.0
165-169	0.0
170-174	0.0
175-179	0.0
180-184	0.0
185-189	0.0
190-194	1.1061897956203734E-4
195-199	0.0
200-204	0.0
205-209	0.0
210-214	0.0
215-219	0.0
220-224	0.0
225-229	0.0
230-234	0.0
235-239	0.0
240-244	0.0
245-249	0.0
250-254	0.0
255-259	0.0
260-264	0.0
265-269	0.0
270-274	0.0
275-279	0.0
280-284	0.0
285-289	0.0
290-294	0.0
295-299	0.0
300-301	0.0
>>END_MODULE
>>Sequence Length Distribution	warn
#Length	Count
50-54	1617.0
55-59	1615.0
60-64	1760.0
65-69	1817.0
70-74	1978.0
75-79	2116.0
80-84	2249.0
85-89	2816.0
90-94	3028.0
95-99	3718.0
100-104	4939.0
105-109	6667.0
110-114	9072.0
115-119	11854.0
120-124	14483.0
125-129	17232.0
130-134	19828.0
135-139	22030.0
140-144	23364.0
145-149	24396.0
150-154	25401.0
155-159	25236.0
160-164	25136.0
165-169	24753.0
170-174	23635.0
175-179	23509.0
180-184	22510.0
185-189	22093.0
190-194	21120.0
195-199	20501.0
200-204	19619.0
205-209	18975.0
210-214	18030.0
215-219	17562.0
220-224	16766.0
225-229	16359.0
230-234	15782.0
235-239	15243.0
240-244	14580.0
245-249	14231.0
250-254	13722.0
255-259	13591.0
260-264	13135.0
265-269	12770.0
270-274	12445.0
275-279	12035.0
280-284	11529.0
285-289	11685.0
290-294	11075.0
295-299	15062.0
300-302	34301.0
>>END_MODULE
>>Sequence Duplication Levels	pass
#Total Deduplicated Percentage	89.6642564909137
#Duplication Level	Percentage of deduplicated	Percentage of total
1	95.18261842179575	85.34478711648663
2	2.797893919718545	5.017421561040232
3	0.6022612902967867	1.6200393242315918
4	0.4004995717172404	1.4364198529182293
5	0.3009356043511652	1.34915836078955
6	0.2346678628649803	1.2624791667660094
7	0.1552106775663705	0.9741795002407685
8	0.10217292569299186	0.7329007532610793
9	0.07179859519875223	0.5793990890029385
>10	0.1519411307973903	1.6832152752630007
>50	0.0	0.0
>100	0.0	0.0
>500	0.0	0.0
>1k	0.0	0.0
>5k	0.0	0.0
>10k+	0.0	0.0
>>END_MODULE
>>Overrepresented sequences	pass
>>END_MODULE
>>Adapter Content	pass
#Position	Illumina Universal Adapter	Illumina Small RNA 3' Adapter	Illumina Small RNA 5' Adapter	Nextera Transposase Sequence	SOLID Small RNA Adapter
1	0.0	0.0	0.0	1.353234908047688E-4	0.0
2	0.0	0.0	0.0	1.353234908047688E-4	0.0
3	0.0	0.0	0.0	1.353234908047688E-4	0.0
4	0.0	0.0	0.0	1.353234908047688E-4	0.0
5	0.0	0.0	0.0	1.353234908047688E-4	0.0
6	0.0	0.0	0.0	1.353234908047688E-4	0.0
7	0.0	0.0	0.0	1.353234908047688E-4	0.0
8	0.0	0.0	0.0	1.353234908047688E-4	0.0
9	0.0	0.0	0.0	1.353234908047688E-4	0.0
10-14	0.0	0.0	0.0	1.353234908047688E-4	0.0
15-19	0.0	1.353234908047688E-4	0.0	1.353234908047688E-4	0.0
20-24	0.0	1.353234908047688E-4	0.0	1.353234908047688E-4	0.0
25-29	0.0	1.353234908047688E-4	0.0	1.6238818896572256E-4	0.0
30-34	0.0	1.353234908047688E-4	0.0	2.706469816095376E-4	0.0
35-39	0.0	1.353234908047688E-4	0.0	2.706469816095376E-4	0.0
40-44	0.0	3.518410760923989E-4	0.0	2.706469816095376E-4	0.0
45-49	0.0	4.60099868736214E-4	0.0	2.706469816095376E-4	0.0
50-54	1.0825879264381505E-4	5.412939632190752E-4	0.0	2.706469816095376E-4	0.0
55-59	2.706469816095376E-4	5.412939632190752E-4	0.0	2.706469816095376E-4	0.0
60-64	2.706469816095376E-4	5.412939632190752E-4	0.0	2.706469816095376E-4	0.0
65-69	3.7890577425335264E-4	5.412939632190752E-4	0.0	2.706469816095376E-4	0.0
70-74	6.224880577019366E-4	5.412939632190752E-4	0.0	2.706469816095376E-4	0.0
75-79	6.76617454023844E-4	5.412939632190752E-4	0.0	2.706469816095376E-4	0.0
80-84	8.390056429895666E-4	5.412939632190752E-4	0.0	2.706469816095376E-4	0.0
85-89	0.0014073643043695954	5.412939632190752E-4	0.0	2.706469816095376E-4	0.0
90-94	0.002111046456554393	5.412939632190752E-4	0.0	2.706469816095376E-4	0.0
95-99	0.002354628740002977	5.412939632190752E-4	0.0	2.706469816095376E-4	0.0
100-104	0.003491346062763035	5.412939632190752E-4	0.0	3.518410760923989E-4	0.0
105-109	0.006089557086214596	5.412939632190752E-4	0.0	4.059704724143064E-4	0.0
110-114	0.00993274422507003	5.412939632190752E-4	0.0	4.8716456689716777E-4	0.0
115-119	0.014642001705075985	5.412939632190752E-4	0.0	5.412939632190752E-4	0.0
120-124	0.022517828869913527	5.412939632190752E-4	0.0	6.76617454023844E-4	0.0
125-129	0.030745497110843466	5.412939632190752E-4	0.0	6.76617454023844E-4	0.0
130-134	0.041003017713844944	5.412939632190752E-4	0.0	7.578115485067053E-4	0.0
135-139	0.05193715577087027	5.412939632190752E-4	0.0	8.119409448286128E-4	0.0
140-144	0.06460343451019662	5.412939632190752E-4	0.0	8.119409448286128E-4	0.0
145-149	0.07786513660906397	5.412939632190752E-4	0.0	8.119409448286128E-4	0.0
150-154	0.09177639146379421	5.412939632190752E-4	0.0	8.119409448286128E-4	0.0
155-159	0.10533580524243205	5.412939632190752E-4	0.0	8.119409448286128E-4	0.0
160-164	0.11932825419164513	5.412939632190752E-4	0.0	8.119409448286128E-4	0.0
165-169	0.135215232012125	5.412939632190752E-4	0.0	8.119409448286128E-4	0.0
170-174	0.14847693411099233	5.412939632190752E-4	0.0	8.660703411505204E-4	0.0
175-179	0.16092669526503103	5.412939632190752E-4	0.0	9.472644356333818E-4	0.0
180-184	0.17161725103860778	5.412939632190752E-4	0.0	9.472644356333818E-4	0.0
185-189	0.18303855366253027	5.412939632190752E-4	0.0	9.472644356333818E-4	0.0
190-194	0.1935667212471413	5.412939632190752E-4	0.0	9.472644356333818E-4	0.0
195-199	0.20363478896301607	5.412939632190752E-4	0.0	9.472644356333818E-4	0.0
200-204	0.2152726091722262	5.412939632190752E-4	0.0	9.472644356333818E-4	0.0
205-209	0.2267209764943096	5.412939632190752E-4	0.0	9.472644356333818E-4	0.0
210-214	0.235273421113171	5.412939632190752E-4	0.0	9.472644356333818E-4	0.0
215-219	0.24493551835663152	5.412939632190752E-4	0.0	9.472644356333818E-4	0.0
220-224	0.25335263948468817	5.412939632190752E-4	0.0	9.472644356333818E-4	0.0
225-229	0.26174269591458377	5.412939632190752E-4	0.0	9.472644356333818E-4	0.0
230-234	0.26945613489045567	5.412939632190752E-4	0.0	9.472644356333818E-4	0.0
235-239	0.2768177327902351	5.412939632190752E-4	0.0	9.472644356333818E-4	0.0
240-244	0.2849912716348431	5.412939632190752E-4	0.0	9.472644356333818E-4	0.0
245-249	0.292650581214393	5.412939632190752E-4	0.0	9.472644356333818E-4	0.0
250-254	0.2992543675656657	5.412939632190752E-4	0.0	9.472644356333818E-4	0.0
255-259	0.3054251187463632	5.412939632190752E-4	0.0	9.472644356333818E-4	0.0
260-264	0.3105944760951053	5.412939632190752E-4	0.0	9.472644356333818E-4	0.0
265-269	0.3142211456486731	5.412939632190752E-4	0.0	9.472644356333818E-4	0.0
270-274	0.31752303882430943	5.412939632190752E-4	0.0	0.001028458530116243	0.0
275-279	0.3202024439422439	5.412939632190752E-4	0.0	0.0010825879264381505	0.0
280-284	0.32231349039879836	5.412939632190752E-4	0.0	0.0010825879264381505	0.0
285-289	0.32334194892891455	5.412939632190752E-4	0.0	0.0010825879264381505	0.0
290	0.3234231430233974	5.412939632190752E-4	0.0	0.0010825879264381505	0.0
>>END_MODULE
