##FastQC	0.11.9
>>Basic Statistics	pass
#Measure	Value
Filename	SRR12740661_1.fastq.gz
File type	Conventional base calls
Encoding	Sanger / Illumina 1.9
Total Sequences	797777
Sequences flagged as poor quality	0
Sequence length	35-301
%GC	30
>>END_MODULE
>>Per base sequence quality	warn
#Base	Mean	Median	Lower Quartile	Upper Quartile	10th Percentile	90th Percentile
1	33.814787841715166	34.0	34.0	34.0	34.0	34.0
2	33.852016290266576	34.0	34.0	34.0	34.0	34.0
3	33.87193288350002	34.0	34.0	34.0	34.0	34.0
4	33.89154864078558	34.0	34.0	34.0	34.0	34.0
5	33.89729084694094	34.0	34.0	34.0	34.0	34.0
6	37.78299073550629	38.0	38.0	38.0	38.0	38.0
7	37.77466510064843	38.0	38.0	38.0	38.0	38.0
8	37.72583817282273	38.0	38.0	38.0	38.0	38.0
9	37.68934677234365	38.0	38.0	38.0	38.0	38.0
10-14	37.67992233418612	38.0	38.0	38.0	38.0	38.0
15-19	37.66496251458741	38.0	38.0	38.0	38.0	38.0
20-24	37.64202477634727	38.0	38.0	38.0	38.0	38.0
25-29	37.57339381807196	38.0	38.0	38.0	37.4	38.0
30-34	37.53477274977844	38.0	38.0	38.0	37.2	38.0
35-39	37.49172532417147	38.0	38.0	38.0	37.0	38.0
40-44	37.469370148942886	38.0	38.0	38.0	37.0	38.0
45-49	37.43315250542154	38.0	38.0	38.0	37.0	38.0
50-54	37.39117448005401	38.0	38.0	38.0	37.0	38.0
55-59	37.36019973677931	38.0	38.0	38.0	37.0	38.0
60-64	37.3120029331413	38.0	38.0	38.0	37.0	38.0
65-69	37.27151650004589	38.0	38.0	38.0	37.0	38.0
70-74	37.24383413436472	38.0	38.0	38.0	37.0	38.0
75-79	37.09549121682735	38.0	38.0	38.0	36.8	38.0
80-84	37.18096914850609	38.0	38.0	38.0	37.0	38.0
85-89	37.01119953064178	38.0	38.0	38.0	36.6	38.0
90-94	37.086702885096884	38.0	38.0	38.0	37.0	38.0
95-99	37.03667911600377	38.0	38.0	38.0	37.0	38.0
100-104	36.9898117292816	38.0	38.0	38.0	36.4	38.0
105-109	36.947898469809545	38.0	38.0	38.0	36.0	38.0
110-114	36.88529958597188	38.0	38.0	38.0	36.0	38.0
115-119	36.81913657547561	38.0	38.0	38.0	36.0	38.0
120-124	36.784341807241276	38.0	38.0	38.0	36.0	38.0
125-129	36.690637292438375	38.0	38.0	38.0	35.4	38.0
130-134	36.6446218372909	38.0	38.0	38.0	35.0	38.0
135-139	36.56285232667078	38.0	38.0	38.0	35.0	38.0
140-144	36.50414823608502	38.0	38.0	38.0	34.6	38.0
145-149	36.43991804685352	38.0	38.0	38.0	34.0	38.0
150-154	36.29888341608679	38.0	37.0	38.0	34.0	38.0
155-159	36.227782923467416	38.0	37.0	38.0	34.0	38.0
160-164	36.10657827808255	38.0	37.0	38.0	33.4	38.0
165-169	36.01388225447998	38.0	37.0	38.0	32.2	38.0
170-174	35.89788532602277	38.0	37.0	38.0	32.0	38.0
175-179	35.766346742894896	38.0	37.0	38.0	31.8	38.0
180-184	35.626729031665704	38.0	37.0	38.0	30.8	38.0
185-189	35.44860921427691	38.0	37.0	38.0	29.0	38.0
190-194	35.25987333716661	38.0	37.0	38.0	27.6	38.0
195-199	35.08771385916249	38.0	36.6	38.0	26.4	38.0
200-204	34.88122115816803	38.0	36.0	38.0	25.4	38.0
205-209	34.65269831483999	38.0	36.0	38.0	24.0	38.0
210-214	34.40954058103649	38.0	35.2	38.0	23.8	38.0
215-219	34.14734359041529	38.0	35.0	38.0	22.8	38.0
220-224	33.841536430648986	38.0	34.6	38.0	21.2	38.0
225-229	33.51964288746046	38.0	34.0	38.0	19.6	38.0
230-234	33.157998655675875	37.8	34.0	38.0	18.0	38.0
235-239	32.776116428822526	37.0	32.4	38.0	16.6	38.0
240-244	32.37854272419138	37.0	30.8	38.0	14.8	38.0
245-249	31.867805459564785	37.0	28.6	38.0	11.6	38.0
250-254	31.416741133025482	37.0	27.2	38.0	11.0	38.0
255-259	30.79016424186986	37.0	25.2	38.0	10.2	38.0
260-264	30.11187690050678	35.6	23.6	38.0	10.0	38.0
265-269	29.33942328878009	34.8	22.0	37.6	9.6	38.0
270-274	28.593325865231883	33.6	20.8	37.0	9.0	37.8
275-279	27.678708042760782	32.4	19.4	37.0	9.0	37.4
280-284	26.85613781330789	31.4	17.4	37.0	9.0	37.0
285-289	25.671913322404272	29.0	15.6	37.0	8.8	37.0
290-294	24.486276297667764	26.4	14.0	36.0	8.4	37.0
295-299	23.318727092546577	24.6	12.8	34.2	8.0	37.0
300-301	20.4796374088047	20.0	10.5	29.0	8.0	35.5
>>END_MODULE
>>Per sequence quality scores	pass
#Quality	Count
2	36.0
3	0.0
4	0.0
5	0.0
6	0.0
7	0.0
8	0.0
9	0.0
10	0.0
11	3.0
12	12.0
13	16.0
14	34.0
15	104.0
16	274.0
17	574.0
18	938.0
19	1459.0
20	1954.0
21	2274.0
22	2716.0
23	3056.0
24	3305.0
25	3528.0
26	3916.0
27	4568.0
28	5668.0
29	6866.0
30	8989.0
31	11485.0
32	15158.0
33	20691.0
34	29348.0
35	47041.0
36	91192.0
37	532572.0
>>END_MODULE
>>Per base sequence content	fail
#Base	G	A	T	C
1	14.323772367182222	35.28639646563104	35.909223684985825	14.480607482200908
2	14.517182542020784	35.371426493873805	37.5819447596099	12.529446204495507
3	14.437555469756761	34.598586994128354	37.51874062968516	13.445116906429726
4	15.95944047002724	33.81924709899579	36.64510160565898	13.576210825317991
5	16.432150284365477	34.589296526065475	35.597769200780704	13.380783988788341
6	15.869812382715692	35.098860407074476	34.97989949118824	14.051427719021586
7	16.251640570059706	34.680679568932774	35.6583151674541	13.409364693553421
8	15.156210239188505	34.91555508756623	36.03083213933379	13.897402533911468
9	14.557732396855622	34.33959142127583	36.84830038822124	14.254375793647311
10-14	14.403751814822085	34.798102531587496	36.81315361486486	13.984992038725563
15-19	14.330272271462679	34.391480137779126	37.13046571780351	14.147781872954694
20-24	14.520202653306203	34.17598385833523	36.937847169642914	14.365966318715648
25-29	14.641519613668418	34.26491551879837	36.70483450990775	14.388730357625471
30-34	14.661991372467611	34.21727181239855	36.69429021422415	14.426446600909687
35-39	14.64673882381261	34.269838304637226	36.69603353012935	14.387389341420818
40-44	14.686289977598053	34.28330565896181	36.65205968035474	14.3783446830854
45-49	14.646350667880311	34.226515111622646	36.729580565648355	14.397553654848682
50-54	14.62985367663929	34.297914914050224	36.695657188851285	14.376574220459194
55-59	14.672445870743807	34.34580581804084	36.652262960138486	14.329485351076867
60-64	14.603770357389106	34.31721998533714	36.749935978517875	14.32907367875588
65-69	14.592039332994688	34.40543337158768	36.69848675835168	14.304040537065955
70-74	14.579295467529349	34.41667939966485	36.70347569452546	14.300549438280335
75-79	14.575872604202633	34.271118547305704	36.72555624252254	14.427452605969119
80-84	14.56240559374552	34.40500932734422	36.733820365216175	14.298764713694087
85-89	14.56003738322453	34.36528284253196	36.72871662234527	14.345963151898241
90-94	14.549181564684154	34.488608700200786	36.69484313323113	14.26736660188393
95-99	14.543553172858251	34.44827607930098	36.76486263442046	14.24330811342031
100-104	14.50993964641338	34.49023049543638	36.73873214743031	14.261097710719921
105-109	14.51324699190727	34.46044909467539	36.766424826649704	14.259879086767643
110-114	14.5674585846893	34.44721748784464	36.70936356733181	14.275960360134249
115-119	14.595637960741076	34.459234535707914	36.65012420447095	14.295003299080067
120-124	14.585408644978706	34.36626625978718	36.66906626631241	14.379258828921701
125-129	14.648605060237408	34.322991650353345	36.60365409411768	14.424749195291566
130-134	14.717233826381834	34.30131486930476	36.520005629813376	14.461445674500023
135-139	14.772894448568689	34.189607135743906	36.4692066215213	14.568291794166107
140-144	14.888998917960855	34.094287640026444	36.343040898273706	14.673672543738991
145-149	14.992791897850896	33.97690378697938	36.255451505827054	14.77485280934267
150-154	15.116262965758501	33.842132663859424	36.149261792962086	14.892342577419987
155-159	15.18409168198974	33.733389345766255	36.017470107299225	15.065048864944778
160-164	15.304062863819015	33.629521793379205	35.92788264434867	15.138532698453114
165-169	15.375407090667048	33.470786247124025	35.80533919780018	15.348467464408747
170-174	15.533779287745386	33.31080357871305	35.68413733120461	15.471279802336957
175-179	15.664117149048252	33.18973605969656	35.56943383941056	15.576712951844637
180-184	15.774247718212015	33.0151215927147	35.4559264900907	15.754704198982589
185-189	15.910115996019847	32.94670862584828	35.297229041354356	15.845946336777523
190-194	15.98522858862892	32.82685786645799	35.19763058113581	15.99028296377728
195-199	16.09896954823166	32.74072538997388	35.044113214849595	16.116191846944865
200-204	16.181607906009422	32.651501238416216	34.93708647073714	16.22980438483722
205-209	16.258261639999024	32.589601258837206	34.838246607707724	16.313890493456057
210-214	16.283337558348922	32.58841937796115	34.67373774017028	16.45450532351964
215-219	16.358514862724906	32.538605932247116	34.57127262261189	16.531606582416085
220-224	16.463143204321515	32.55657551221742	34.40633308870415	16.573948194756916
225-229	16.52342254314513	32.582639506108976	34.173958186803794	16.719979763942096
230-234	16.618145856336035	32.605918347353395	33.98991985129993	16.786015945010632
235-239	16.71216453139283	32.55445156665472	33.8126932790971	16.92069062285535
240-244	16.700847151286176	32.492303924998254	33.70334254530189	17.103506378413677
245-249	16.71168710097695	32.45192619960036	33.61150485418346	17.22488184523923
250-254	16.819528273858385	32.41285366847837	33.479695018871126	17.28792303879212
255-259	16.869387710601067	32.358237144623146	33.35114113930261	17.421234005473174
260-264	16.88822518335499	32.331808701893166	33.294493691044096	17.48547242370774
265-269	16.905560395756005	32.378401056867204	33.05234669136852	17.66369185600827
270-274	16.961736698817447	32.342388076029515	32.94302008792124	17.752855137231798
275-279	17.065055134103343	32.29447897044243	32.83634610121336	17.80411979424087
280-284	17.08961897641143	32.43548903926262	32.525755167264606	17.949136817061344
285-289	17.139772315404738	32.31699861572657	32.397456779664715	18.145772289203975
290-294	17.166955327587445	32.39413204158995	32.1478308298973	18.29108180092531
295-299	17.282715857047886	32.19895132297659	31.901164152799065	18.617168667176458
300-301	17.258770993936054	17.64867916183323	43.87766582736185	21.21488401686886
>>END_MODULE
>>Per sequence GC content	warn
#GC Content	Count
0	39.0
1	23.5
2	9.5
3	26.083333333333332
4	55.83333333333334
5	119.58333333333333
6	222.58333333333331
7	343.99999999999994
8	575.25
9	957.5000000000003
10	1508.7499999999998
11	2342.3333333333326
12	3475.9166666666742
13	4756.91666666667
14	6516.4166666666215
15	8669.333333333254
16	11186.000000000142
17	14027.666666667223
18	17074.416666667585
19	20274.16666666632
20	23037.833333331597
21	25429.5833333299
22	27291.49999999487
23	28618.333333326656
24	29379.83333332586
25	29363.583333325292
26	28540.166666658704
27	27069.833333326318
28	25531.249999994074
29	23880.58333332899
30	22480.416666663656
31	20957.74999999853
32	19021.75000000066
33	17271.583333335984
34	15409.583333336377
35	13473.666666668614
36	11523.250000000902
37	10028.41666666676
38	9224.249999999585
39	8499.583333332528
40	7530.499999999217
41	6924.916666666029
42	6464.416666666163
43	5925.833333333025
44	5439.666666666542
45	4741.666666666718
46	3946.1666666668702
47	3451.3333333334776
48	2854.91666666673
49	2437.1666666666633
50	2046.833333333277
51	1683.4999999999702
52	1354.2499999999914
53	1055.416666666676
54	820.5000000000072
55	656.9166666666686
56	527.0833333333309
57	393.9999999999989
58	280.5000000000003
59	221.25000000000028
60	165.41666666666663
61	112.33333333333329
62	76.91666666666667
63	50.0
64	33.58333333333333
65	19.666666666666664
66	10.500000000000002
67	7.083333333333333
68	5.583333333333333
69	4.416666666666667
70	1.8333333333333333
71	0.0
72	0.0
73	0.0
74	0.75
75	0.75
76	0.0
77	0.0
78	0.3333333333333333
79	0.0
80	0.0
81	0.25
82	0.0
83	0.25
84	0.0
85	0.3333333333333333
86	0.5833333333333333
87	0.0
88	0.0
89	0.0
90	0.0
91	0.0
92	0.0
93	0.25
94	0.0
95	0.0
96	0.0
97	0.0
98	0.0
99	0.0
100	0.0
>>END_MODULE
>>Per base N content	pass
#Base	N-Count
1	0.015543190640993663
2	0.01704737038044466
3	0.005640674022941248
4	0.004512539218352998
5	0.004512539218352998
6	0.004512539218352998
7	0.004512539218352998
8	0.004763235841594831
9	0.004512539218352998
10-14	0.005064071789485031
15-19	0.004562678543001365
20-24	0.005039002127160849
25-29	0.0046880268546222814
30-34	0.006493042541963481
35-39	0.016697081595829843
40-44	0.013438359798043515
45-49	0.010981770261366132
50-54	0.004789036666469421
55-59	0.009603777719937794
60-64	0.01665159079116874
65-69	0.01670369821383292
70-74	0.017986044635492863
75-79	0.002383696320099804
80-84	0.006827787387721179
85-89	0.014795337032251322
90-94	4.275239947842073E-4
95-99	7.055646117013355E-4
100-104	0.002831403807479709
105-109	0.010391806682922604
110-114	0.005505945140299165
115-119	0.0052844661821363804
120-124	0.0046305919001476
125-129	0.001100214514995924
130-134	0.0028862956209947496
135-139	0.003592865530925095
140-144	0.005260853579338641
145-149	0.004784981698959236
150-154	0.004186135079969343
155-159	0.001442922416357231
160-164	0.0011977437245928612
165-169	0.002754706613013091
170-174	0.002282863219443408
175-179	3.917712369393264E-5
180-184	0.002299184692685226
185-189	0.014458677444118934
190-194	0.023776985412120127
195-199	0.006055826201572906
200-204	0.0026802678679561072
205-209	0.00291678364184397
210-214	0.003223291614470285
215-219	0.0016626619447067438
220-224	6.616975188147673E-4
225-229	8.831119350685641E-4
230-234	5.295558350433574E-4
235-239	6.946234064470777E-5
240-244	0.0
245-249	8.405441835870758E-4
250-254	4.8048471297845263E-4
255-259	5.032007762710642E-4
260-264	0.0031585458405899458
265-269	0.005140854832357641
270-274	0.011514226306360937
275-279	0.00892171545541849
280-284	1.0471697619259546E-4
285-289	5.458461652669351E-4
290-294	0.0
295-299	0.0
300-301	0.0
>>END_MODULE
>>Sequence Length Distribution	warn
#Length	Count
30-39	51.0
40-49	58.0
50-59	108.0
60-69	212.0
70-79	439.0
80-89	1176.0
90-99	3410.0
100-109	8500.0
110-119	18475.0
120-129	30201.0
130-139	41562.0
140-149	48072.0
150-159	50903.0
160-169	50552.0
170-179	47754.0
180-189	44651.0
190-199	40928.0
200-209	37680.0
210-219	34265.0
220-229	30770.0
230-239	28295.0
240-249	25284.0
250-259	22367.0
260-269	19983.0
270-279	17750.0
280-289	15770.0
290-299	23995.0
300-302	154566.0
>>END_MODULE
>>Sequence Duplication Levels	pass
#Total Deduplicated Percentage	89.6315945130817
#Duplication Level	Percentage of deduplicated	Percentage of total
1	95.18963745619857	85.31998986321241
2	2.837831734438979	5.087187666351797
3	0.5921889196651042	1.592365113676876
4	0.3648923067412106	1.3082351711508486
5	0.2882481638471829	1.2918071270545517
6	0.2237454418485679	1.2032796430752684
7	0.15883818522288237	0.9965843867763811
8	0.10879116812587859	0.7800900694450599
9	0.07106228306120785	0.5732483166464413
>10	0.16476434085046618	1.84721264261035
>50	0.0	0.0
>100	0.0	0.0
>500	0.0	0.0
>1k	0.0	0.0
>5k	0.0	0.0
>10k+	0.0	0.0
>>END_MODULE
>>Overrepresented sequences	pass
>>END_MODULE
>>Adapter Content	pass
#Position	Illumina Universal Adapter	Illumina Small RNA 3' Adapter	Illumina Small RNA 5' Adapter	Nextera Transposase Sequence	SOLID Small RNA Adapter
1	1.2534831162091663E-4	0.0	0.0	1.2534831162091663E-4	0.0
2	1.2534831162091663E-4	0.0	0.0	1.2534831162091663E-4	0.0
3	1.2534831162091663E-4	0.0	0.0	1.2534831162091663E-4	0.0
4	1.2534831162091663E-4	0.0	0.0	1.2534831162091663E-4	0.0
5	1.2534831162091663E-4	0.0	0.0	1.2534831162091663E-4	0.0
6	1.2534831162091663E-4	0.0	0.0	1.2534831162091663E-4	0.0
7	1.2534831162091663E-4	0.0	0.0	1.2534831162091663E-4	0.0
8	1.2534831162091663E-4	0.0	0.0	1.2534831162091663E-4	0.0
9	1.2534831162091663E-4	0.0	0.0	1.2534831162091663E-4	0.0
10-14	1.2534831162091663E-4	0.0	0.0	1.2534831162091663E-4	0.0
15-19	1.5041797394509996E-4	1.2534831162091663E-4	0.0	1.2534831162091663E-4	0.0
20-24	2.5069662324183326E-4	1.2534831162091663E-4	0.0	1.2534831162091663E-4	0.0
25-29	2.5069662324183326E-4	1.2534831162091663E-4	0.0	1.5041797394509996E-4	0.0
30-34	3.509752725385665E-4	1.2534831162091663E-4	0.0	2.5069662324183326E-4	0.0
35-39	4.261842595111165E-4	1.2534831162091663E-4	0.0	2.5069662324183326E-4	0.0
40-44	6.016718957803997E-4	3.259056102143832E-4	0.0	2.5069662324183326E-4	0.0
45-49	7.019505450771331E-4	4.261842595111165E-4	0.0	2.5069662324183326E-4	0.0
50-54	8.52368519022233E-4	5.013932464836665E-4	0.0	2.5069662324183326E-4	0.0
55-59	0.001002786492967333	5.013932464836665E-4	0.0	2.5069662324183326E-4	0.0
60-64	0.0010529258176156997	5.013932464836665E-4	0.0	2.5069662324183326E-4	0.0
65-69	0.001253483116209166	5.013932464836665E-4	0.0	2.5069662324183326E-4	0.0
70-74	0.0015793887264235495	5.013932464836665E-4	0.0	2.5069662324183326E-4	0.0
75-79	0.001679667375720283	5.013932464836665E-4	0.0	2.5069662324183326E-4	0.0
80-84	0.001930363998962116	5.013932464836665E-4	0.0	2.5069662324183326E-4	0.0
85-89	0.002657384206363432	5.013932464836665E-4	0.0	2.5069662324183326E-4	0.0
90-94	0.0037103100239791326	5.013932464836665E-4	0.0	2.5069662324183326E-4	0.0
95-99	0.0043621212444078985	5.013932464836665E-4	0.0	2.5069662324183326E-4	0.0
100-104	0.006417833554990931	5.013932464836665E-4	0.0	3.259056102143832E-4	0.0
105-109	0.010228422228266797	5.013932464836665E-4	0.0	3.7604493486274984E-4	0.0
110-114	0.015493051316345296	5.013932464836665E-4	0.0	4.512539218352998E-4	0.0
115-119	0.021735397235066945	5.013932464836665E-4	0.0	5.013932464836665E-4	0.0
120-124	0.03181340148938864	5.013932464836665E-4	0.0	6.267415581045832E-4	0.0
125-129	0.044172745015211026	5.013932464836665E-4	0.0	6.267415581045832E-4	0.0
130-134	0.058487522202319696	5.013932464836665E-4	0.0	7.019505450771331E-4	0.0
135-139	0.07443182744050028	5.013932464836665E-4	0.0	7.520898697254997E-4	0.0
140-144	0.09313379553434106	5.013932464836665E-4	0.0	7.520898697254997E-4	0.0
145-149	0.11193604227747853	5.013932464836665E-4	0.0	7.520898697254997E-4	0.0
150-154	0.1319917721368252	5.013932464836665E-4	0.0	7.520898697254997E-4	0.0
155-159	0.15237340760638624	5.013932464836665E-4	0.0	7.520898697254997E-4	0.0
160-164	0.1742592228153983	5.013932464836665E-4	0.0	7.520898697254997E-4	0.0
165-169	0.19777456607548222	5.013932464836665E-4	0.0	7.520898697254997E-4	0.0
170-174	0.21865759479152697	5.013932464836665E-4	0.0	8.022291943738664E-4	0.0
175-179	0.23876346397552198	5.013932464836665E-4	0.0	8.774381813464163E-4	0.0
180-184	0.2571395264591484	5.013932464836665E-4	0.0	8.774381813464163E-4	0.0
185-189	0.27579135522834075	5.013932464836665E-4	0.0	8.774381813464163E-4	0.0
190-194	0.29336518851759324	5.013932464836665E-4	0.0	8.774381813464163E-4	0.0
195-199	0.31056297687198303	5.013932464836665E-4	0.0	8.774381813464163E-4	0.0
200-204	0.33114516964013757	5.013932464836665E-4	0.0	8.774381813464163E-4	0.0
205-209	0.3513262478111051	5.013932464836665E-4	0.0	8.774381813464163E-4	0.0
210-214	0.3680226429190112	5.013932464836665E-4	0.0	8.774381813464163E-4	0.0
215-219	0.38672461101285194	5.013932464836665E-4	0.0	8.774381813464163E-4	0.0
220-224	0.40502546450950583	5.013932464836665E-4	0.0	9.526471683189662E-4	0.0
225-229	0.4231508303698903	5.013932464836665E-4	0.0	0.001002786492967333	0.0
230-234	0.44137647487957166	5.013932464836665E-4	0.0	0.001002786492967333	0.0
235-239	0.4587246812079065	5.013932464836665E-4	0.0	0.001002786492967333	0.0
240-244	0.47622330551018643	5.013932464836665E-4	0.0	0.001002786492967333	0.0
245-249	0.4945993679938129	5.013932464836665E-4	0.0	0.001002786492967333	0.0
250-254	0.5111453451277738	5.013932464836665E-4	0.0	0.001002786492967333	0.0
255-259	0.5294461986244275	5.013932464836665E-4	0.0	0.001002786492967333	0.0
260-264	0.5473459375238945	5.013932464836665E-4	0.0	0.001002786492967333	0.0
265-269	0.5655966516958999	5.013932464836665E-4	0.0	0.0010529258176156997	0.0
270-274	0.5848501523608728	5.013932464836665E-4	0.0	0.0012033437915607995	0.0
275-279	0.6035521204547136	5.515325711320331E-4	0.0	0.0012534831162091663	0.0
280-284	0.6154852797210248	6.267415581045832E-4	0.0	0.0012534831162091663	0.0
285-289	0.627819553584523	6.267415581045832E-4	0.0	0.0012534831162091663	0.0
290	0.6292485243370014	6.267415581045832E-4	0.0	0.0012534831162091663	0.0
>>END_MODULE
